ID	Pop	Family	Block	Surv_15	Flow_15	Fruits_15	Fstart_15	Surv_16	Flow_16	Fruits_16	Fstart_16	Surv_17	Flow_17	Fruits_17	Fstart_17
1609	J3	J3-3	1	1	1	8	173	1	1	7	157	0	0	0	NA
2273	GER	GER-6	1	1	0	0	NA	0	0	0	NA	0	0	0	NA
1897	J1	J1-7	1	1	1	3	180	0	0	0	NA	0	0	0	NA
649	J3	J3-4	1	1	0	0	NA	1	0	0	NA	0	0	0	NA
1861	J3	J3-3	1	1	0	0	NA	1	0	0	NA	0	0	0	NA
836	J1	J1-1	1	1	1	5	173	1	0	0	NA	1	0	0	NA
1923	T3	T3-6	1	1	1	4	189	1	0	0	NA	0	0	0	NA
2240	GER	GER-4	1	1	0	0	NA	0	0	0	NA	0	0	0	NA
221	J1	J1-4	1	1	0	0	NA	1	1	3	165	1	0	0	NA
2338	GER	GER-9	1	1	0	0	NA	0	0	0	NA	0	0	0	NA
1073	T3	T3-2	1	1	1	10	180	0	0	0	NA	0	0	0	NA
948	J3	J3-4	1	1	1	2	180	1	0	0	NA	0	0	0	NA
1471	J1	J1-6	1	1	1	5	180	1	1	3	165	1	1	4	153
2295	GER	GER-7	1	1	1	4	189	0	0	0	NA	0	0	0	NA
2416	GER	GER-14	1	1	0	0	NA	0	0	0	NA	0	0	0	NA
2237	GER	GER-4	1	1	1	5	180	0	0	0	NA	0	0	0	NA
869	T3	T3-5	1	1	0	0	NA	1	0	0	NA	0	0	0	NA
1608	T3	T3-2	1	1	1	3	195	1	1	4	165	1	1	6	171
2771	NC	NC-35	1	1	1	5	231	0	0	0	NA	0	0	0	NA
1299	J1	J1-7	1	1	1	3	180	1	0	0	NA	0	0	0	NA
1487	J1	J1-8	1	1	1	8	180	1	0	0	NA	1	1	8	153
2576	NC	NC-37	1	0	0	0	NA	0	0	0	NA	0	0	0	NA
2337	GER	GER-9	1	1	0	0	NA	1	1	1	NA	0	0	0	NA
2257	GER	GER-5	1	1	0	0	NA	0	0	0	NA	0	0	0	NA
2201	GER	GER-2	1	0	0	0	NA	0	0	0	NA	0	0	0	NA
187	J3	J3-6	1	1	1	2	180	1	1	6	179	1	0	0	NA
2275	GER	GER-6	1	1	1	1	189	0	0	0	NA	0	0	0	NA
23	J3	J3-2	1	1	1	3	180	1	0	0	NA	0	0	0	NA
476	T3	T3-3	1	1	1	2	189	1	0	0	NA	0	0	0	NA
2259	GER	GER-5	1	1	0	0	NA	0	0	0	NA	0	0	0	NA
1207	J3	J3-5	1	1	1	8	189	1	0	0	NA	1	0	0	NA
1145	T3	T3-3	1	1	0	0	231	1	0	0	NA	1	0	0	NA
2443	GER	GER-15	1	1	1	4	180	0	0	0	NA	0	0	0	NA
272	J1	J1-8	1	1	1	4	180	0	0	0	NA	0	0	0	NA
310	T3	T3-1	1	1	1	2	195	0	0	0	NA	0	0	0	NA
2864	NC	NC-32	1	1	1	1	231	0	0	0	NA	0	0	0	NA
1704	J3	J3-4	1	1	0	0	NA	1	1	1	157	1	0	0	NA
803	T3	T3-1	1	1	1	8	189	1	0	0	NA	0	0	0	NA
2307	GER	GER-8	1	1	1	5	195	1	0	0	NA	0	0	0	NA
2383	GER	GER-12	1	1	1	9	180	0	0	0	NA	0	0	0	NA
762	J3	J3-6	1	1	1	1	180	1	1	3	157	1	0	0	NA
1686	J3	J3-2	1	1	0	0	NA	1	0	0	NA	1	0	0	NA
1172	J3	J3-3	1	1	1	8	180	1	1	3	157	1	0	0	NA
2195	GER	GER-2	1	1	1	7	180	0	0	0	NA	0	0	0	NA
1081	T1	T1-2	1	1	1	5	180	1	0	0	NA	1	0	0	NA
2910	NC	NC-33	1	1	1	3	189	0	0	0	NA	0	0	0	NA
2274	GER	GER-6	1	1	1	8	189	0	0	0	NA	0	0	0	NA
1439	J3	J3-1	1	1	1	4	173	1	0	0	NA	0	0	0	NA
863	T3	T3-4	1	1	0	0	NA	1	0	0	NA	0	0	0	NA
2432	GER	GER-15	1	1	1	7	189	1	0	0	NA	0	0	0	NA
2442	GER	GER-15	1	1	0	0	189	0	0	0	NA	0	0	0	NA
1671	J1	J1-4	1	1	0	0	NA	0	0	0	NA	0	0	0	NA
611	J1	J1-2	1	1	1	4	180	0	0	0	NA	0	0	0	NA
775	T3	T3-3	1	1	0	0	NA	1	0	0	NA	0	0	0	NA
788	T1	T1-11	1	1	1	3	180	1	0	0	NA	0	0	0	NA
1046	T3	T3-1	1	1	1	5	189	0	0	0	NA	0	0	0	NA
1488	T3	T3-2	1	1	1	8	180	1	0	0	NA	0	0	0	NA
610	J3	J3-2	1	1	0	0	NA	1	0	0	NA	0	0	0	NA
1387	J1	J1-6	1	1	1	4	173	1	1	2	157	0	0	0	NA
1818	T3	T3-4	1	1	1	10	180	0	0	0	NA	0	0	0	NA
1625	T3	T3-5	1	1	0	0	NA	0	0	0	NA	0	0	0	NA
1978	J3	J3-4	1	1	1	6	173	1	0	0	NA	1	0	0	NA
1191	T1	T1-3	1	1	1	6	180	1	0	0	NA	0	0	0	NA
1942	J3	J3-4	1	1	1	5	180	1	0	0	NA	1	0	0	NA
1337	J3	J3-3	1	1	1	3	195	1	0	0	NA	0	0	0	NA
153	T1	T1-6	1	1	0	0	NA	0	0	0	NA	0	0	0	NA
2285	GER	GER-7	1	1	0	0	195	0	0	0	NA	0	0	0	NA
2566	NC	NC-37	1	1	1	4	189	0	0	0	NA	0	0	0	NA
1501	J3	J3-3	1	1	1	8	173	0	0	0	NA	0	0	0	NA
293	T1	T1-2	1	1	0	0	173	1	0	0	157	1	0	0	NA
1817	J3	J3-1	1	1	1	9	173	1	0	0	NA	0	0	0	NA
537	T3	T3-1	1	1	1	3	189	1	0	0	NA	0	0	0	NA
585	J1	J1-3	1	1	0	0	NA	1	1	4	165	1	0	0	NA
2856	NC	NC-32	1	1	1	9	189	0	0	0	NA	0	0	0	NA
1971	T3	T3-4	1	1	0	0	195	1	0	0	NA	0	0	0	NA
1903	T1	T1-5	1	1	1	9	173	1	0	0	NA	0	0	0	NA
2575	NC	NC-37	1	1	0	0	NA	0	0	0	NA	0	0	0	NA
136	J1	J1-5	1	1	0	0	NA	1	1	2	165	1	0	0	NA
935	J1	J1-2	1	1	0	0	NA	1	1	3	165	1	0	0	NA
498	J3	J3-1	1	1	0	0	189	1	0	0	NA	0	0	0	NA
1523	J3	J3-4	1	1	0	0	NA	1	0	0	NA	0	0	0	NA
1014	T1	T1-2	1	1	1	8	180	1	0	0	NA	1	0	0	NA
1693	T1	T1-2	1	0	0	0	NA	0	0	0	NA	0	0	0	NA
233	J3	J3-3	1	1	0	0	231	1	1	10	157	1	1	4	153
709	T3	T3-2	1	1	1	3	189	1	0	0	NA	0	0	0	NA
2018	T1	T1-1	1	1	0	0	NA	0	0	0	NA	0	0	0	NA
2173	J1	J1-6	1	1	1	4	180	1	0	0	165	0	0	0	NA
2335	GER	GER-9	1	1	1	1	189	1	0	0	NA	0	0	0	NA
2815	NC	NC-34	1	1	1	2	189	0	0	0	NA	0	0	0	NA
2394	GER	GER-13	1	1	0	0	NA	0	0	0	NA	0	0	0	NA
1528	J3	J3-2	1	1	1	16	173	1	0	0	NA	0	0	0	NA
988	T1	T1-1	1	1	1	8	189	1	0	0	NA	0	0	0	NA
100	T3	T3-2	1	1	0	0	NA	0	0	0	NA	0	0	0	NA
2358	GER	GER-11	1	1	1	20	189	0	0	0	NA	0	0	0	NA
1059	J1	J1-7	1	1	1	2	189	1	0	0	NA	0	0	0	NA
633	T3	T3-2	1	1	0	0	231	1	0	0	NA	0	0	0	NA
1910	J3	J3-5	1	1	1	7	189	1	0	0	NA	1	1	17	153
1804	J1	J1-5	1	1	0	0	NA	0	0	0	NA	0	0	0	NA
777	J1	J1-6	1	1	0	0	NA	0	0	0	NA	0	0	0	NA
776	J1	J1-7	1	1	0	0	189	1	0	0	NA	0	0	0	NA
255	T3	T3-3	1	1	0	0	231	1	0	0	NA	1	0	0	NA
503	J3	J3-2	1	1	0	0	NA	1	1	7	165	0	0	0	NA
257	T1	T1-1	1	1	0	0	NA	0	0	0	NA	0	0	0	NA
1215	J1	J1-6	1	1	1	3	180	0	0	0	NA	0	0	0	NA
2573	NC	NC-37	1	1	0	0	NA	0	0	0	NA	0	0	0	NA
2906	NC	NC-33	1	1	0	0	195	0	0	0	NA	0	0	0	NA
1844	J1	J1-6	1	1	0	0	NA	0	0	0	NA	0	0	0	NA
2066	J3	J3-5	1	1	0	0	NA	1	1	2	173	0	0	0	NA
511	T3	T3-7	1	1	0	0	NA	1	0	0	NA	1	0	0	NA
2614	NC	NC-29	1	1	1	5	189	1	0	0	NA	0	0	0	NA
1405	T1	T1-3	1	1	0	0	NA	0	0	0	NA	0	0	0	NA
2289	GER	GER-7	1	1	1	10	180	1	0	0	NA	0	0	0	NA
893	J3	J3-4	1	1	0	0	NA	1	0	0	NA	0	0	0	NA
513	J3	J3-6	1	1	0	0	180	1	0	0	NA	1	0	0	NA
592	J1	J1-8	1	1	1	3	189	1	0	0	NA	1	0	0	NA
1104	T3	T3-6	1	1	1	11	180	1	0	0	173	0	0	0	NA
1928	J3	J3-6	1	1	1	6	173	1	0	0	NA	0	0	0	NA
598	J3	J3-5	1	1	1	2	173	0	0	0	NA	0	0	0	NA
2763	NC	NC-35	1	1	1	7	189	0	0	0	NA	0	0	0	NA
2231	GER	GER-4	1	1	0	0	NA	0	0	0	NA	0	0	0	NA
580	T3	T3-7	1	1	0	0	NA	1	0	0	NA	0	0	0	NA
2004	T3	T3-3	1	1	0	0	231	1	0	0	NA	1	0	0	NA
2820	NC	NC-34	1	1	1	2	189	0	0	0	NA	0	0	0	NA
789	T1	T1-5	1	1	1	5	189	1	0	0	NA	1	0	0	NA
1171	J1	J1-8	1	1	1	7	173	1	1	1	165	0	0	0	NA
164	T1	T1-9	1	1	1	8	173	0	0	0	NA	0	0	0	NA
2913	NC	NC-33	1	1	1	5	189	0	0	0	NA	0	0	0	NA
64	T1	T1-5	1	1	1	10	173	0	0	0	NA	0	0	0	NA
2309	GER	GER-8	1	1	0	0	NA	0	0	0	NA	0	0	0	NA
528	J3	J3-4	1	1	0	0	NA	1	0	0	NA	0	0	0	NA
868	T1	T1-10	1	1	1	9	173	1	0	0	157	0	0	0	NA
1355	J1	J1-7	1	1	1	4	173	1	0	0	NA	1	0	0	NA
2057	T1	T1-2	1	1	1	5	189	1	0	0	NA	0	0	0	NA
1004	T3	T3-5	1	1	1	8	180	1	1	1	173	0	0	0	NA
1095	J1	J1-5	1	1	1	5	189	1	0	0	NA	1	0	0	NA
1658	J1	J1-1	1	1	1	7	173	1	0	0	173	0	0	0	NA
1395	T3	T3-1	1	1	0	0	231	1	0	0	NA	0	0	0	NA
784	T3	T3-5	1	1	1	2	195	1	0	0	NA	0	0	0	NA
1701	J1	J1-4	1	1	0	0	NA	0	0	0	NA	0	0	0	NA
896	J1	J1-9	1	1	0	0	NA	0	0	0	NA	0	0	0	NA
608	J3	J3-4	1	1	1	3	189	1	0	0	NA	0	0	0	NA
2814	NC	NC-34	1	1	1	5	189	0	0	0	NA	0	0	0	NA
1579	J1	J1-8	1	1	1	5	180	1	1	1	165	1	0	0	NA
1384	T1	T1-2	1	1	1	10	173	1	0	0	NA	0	0	0	NA
324	T3	T3-6	1	1	0	0	NA	0	0	0	NA	0	0	0	NA
737	T1	T1-10	1	1	1	9	173	1	0	0	NA	0	0	0	NA
1998	J3	J3-2	1	1	1	8	173	1	0	0	NA	0	0	0	NA
826	J1	J1-6	1	1	1	5	180	1	0	0	NA	1	0	0	NA
1632	J3	J3-2	1	1	0	0	NA	1	1	10	157	1	1	10	171
2909	NC	NC-33	1	1	1	2	189	0	0	0	NA	0	0	0	NA
1828	J3	J3-1	1	1	0	0	NA	1	0	0	NA	1	0	0	NA
2336	GER	GER-9	1	1	0	0	NA	1	0	0	NA	0	0	0	NA
1787	J1	J1-9	1	1	0	0	NA	1	0	0	NA	1	0	0	NA
835	T3	T3-4	1	1	1	4	189	1	0	0	NA	0	0	0	NA
1007	T1	T1-9	1	1	1	5	173	1	1	3	173	0	0	0	NA
530	T1	T1-7	1	1	0	0	NA	0	0	0	NA	0	0	0	NA
2452	GER	GER-16	1	1	1	10	180	0	0	0	NA	0	0	0	NA
890	J3	J3-6	1	0	0	0	NA	0	0	0	NA	0	0	0	NA
1372	J1	J1-5	1	1	1	4	189	1	1	5	157	1	0	0	NA
1901	T3	T3-2	1	1	1	4	189	1	0	0	NA	0	0	0	NA
607	T3	T3-5	1	1	0	0	NA	1	0	0	NA	0	0	0	NA
245	T3	T3-5	1	1	0	0	NA	1	0	0	NA	0	0	0	NA
1123	J3	J3-5	1	1	1	8	173	1	0	0	NA	1	0	0	NA
2765	NC	NC-35	1	1	0	0	189	0	0	0	NA	0	0	0	NA
485	J3	J3-6	1	1	1	8	173	1	1	11	157	1	1	8	171
1117	T1	T1-10	1	1	0	0	NA	1	1	4	157	0	0	0	NA
1518	J1	J1-3	1	1	0	0	NA	1	0	0	NA	1	0	0	NA
2363	GER	GER-11	1	1	1	4	180	0	0	0	NA	0	0	0	NA
2360	GER	GER-11	1	1	1	3	180	0	0	0	NA	0	0	0	NA
2230	GER	GER-3	1	1	0	0	NA	0	0	0	NA	0	0	0	NA
2023	J1	J1-2	1	1	1	4	180	1	0	0	NA	1	1	2	171
1013	T1	T1-3	1	1	1	7	180	0	0	0	NA	0	0	0	NA
177	T3	T3-1	1	1	1	4	180	0	0	0	NA	0	0	0	NA
2184	GER	GER-1	1	0	0	0	NA	0	0	0	NA	0	0	0	NA
2046	J3	J3-5	1	1	1	13	173	1	1	3	157	1	1	5	153
771	J3	J3-6	1	1	1	9	173	1	0	0	NA	1	1	5	153
1948	T3	T3-1	1	1	1	4	189	0	0	0	NA	0	0	0	NA
2768	NC	NC-35	1	1	0	0	189	0	0	0	NA	0	0	0	NA
1315	J3	J3-5	1	1	1	12	173	1	1	8	165	1	1	27	153
1225	J1	J1-6	1	1	1	7	173	1	1	7	165	1	1	24	153
2567	NC	NC-37	1	1	1	4	189	0	0	0	NA	0	0	0	NA
2775	NC	NC-35	1	1	0	0	NA	0	0	0	NA	0	0	0	NA
492	T3	T3-2	1	1	0	0	NA	0	0	0	NA	0	0	0	NA
2809	NC	NC-34	1	1	0	0	189	0	0	0	NA	0	0	0	NA
1559	J1	J1-3	1	1	1	6	180	1	1	6	165	0	0	0	NA
1492	J1	J1-2	1	1	1	6	180	1	1	4	165	1	0	0	NA
1494	T3	T3-7	1	1	1	2	189	1	0	0	NA	0	0	0	NA
1327	T3	T3-3	1	1	0	0	231	1	0	0	NA	0	0	0	NA
873	J3	J3-2	1	1	1	3	231	1	1	9	157	1	1	27	153
1912	J3	J3-2	1	1	0	0	NA	1	1	6	157	1	1	14	153
2297	GER	GER-7	1	1	1	3	189	0	0	0	NA	0	0	0	NA
1051	T3	T3-7	1	1	1	3	189	1	0	0	NA	0	0	0	NA
913	T1	T1-10	1	1	1	5	180	1	0	0	NA	0	0	0	NA
1020	J1	J1-8	1	1	1	10	180	1	1	11	165	1	1	24	153
1274	T1	T1-2	1	1	1	8	173	1	1	8	165	1	1	15	153
2176	T3	T3-7	1	1	0	0	NA	1	1	4	165	1	1	6	153
1958	J3	J3-3	1	1	0	0	NA	1	1	8	157	1	1	3	171
2330	GER	GER-9	1	1	1	1	189	1	0	0	NA	1	0	0	NA
2456	GER	GER-16	1	1	1	6	180	1	1	1	173	0	0	0	NA
2821	NC	NC-34	1	1	1	2	189	0	0	0	NA	0	0	0	NA
2312	GER	GER-8	1	1	0	0	189	1	0	0	NA	1	0	0	NA
183	J1	J1-5	1	1	1	2	189	1	1	2	165	1	0	0	NA
2069	T1	T1-1	1	1	1	10	173	1	0	0	NA	0	0	0	NA
2388	GER	GER-12	1	1	0	0	NA	0	0	0	NA	0	0	0	NA
2213	GER	GER-3	1	1	0	0	189	0	0	0	NA	0	0	0	NA
1	J1	J1-1	1	1	1	6	189	1	0	0	NA	1	1	3	171
127	J1	J1-4	1	1	0	0	NA	1	0	0	NA	1	0	0	NA
823	T3	T3-6	2	1	1	3	189	0	0	0	NA	0	0	0	NA
1726	T1	T1-1	2	1	0	0	NA	0	0	0	NA	0	0	0	NA
223	J3	J3-1	2	1	1	1	NA	1	0	0	NA	0	0	0	NA
56	T1	T1-2	2	1	0	0	NA	0	0	0	NA	0	0	0	NA
2225	GER	GER-3	2	1	0	0	NA	0	0	0	NA	0	0	0	NA
659	T1	T1-3	2	1	0	0	NA	0	0	0	NA	0	0	0	NA
1273	J3	J3-3	2	1	1	4	180	1	0	0	NA	0	0	0	NA
307	T3	T3-1	2	1	1	5	189	1	0	0	NA	0	0	0	NA
72	T3	T3-5	2	1	1	7	189	0	0	0	NA	0	0	0	NA
1556	J1	J1-7	2	1	1	4	180	0	0	0	NA	0	0	0	NA
807	T3	T3-6	2	1	0	0	NA	0	0	0	NA	0	0	0	NA
961	J3	J3-2	2	1	0	0	231	1	0	0	NA	1	0	0	NA
1668	T3	T3-5	2	1	1	4	189	1	0	0	NA	0	0	0	NA
698	T3	T3-3	2	1	0	0	NA	0	0	0	NA	0	0	0	NA
2179	GER	GER-1	2	1	1	1	189	0	0	0	NA	0	0	0	NA
882	J1	J1-6	2	1	0	0	231	1	1	1	165	0	0	0	NA
1286	J3	J3-3	2	1	0	0	NA	1	1	4	157	0	0	0	NA
1039	J3	J3-1	2	1	1	12	NA	1	0	0	NA	1	1	4	153
494	T1	T1-4	2	1	0	0	NA	0	0	0	NA	0	0	0	NA
470	T3	T3-3	2	1	0	0	NA	1	0	0	NA	0	0	0	NA
2183	GER	GER-1	2	1	1	7	NA	0	0	0	NA	0	0	0	NA
1486	J3	J3-3	2	1	0	0	NA	1	0	0	NA	0	0	0	NA
804	J3	J3-5	2	1	0	0	NA	1	0	0	NA	0	0	0	NA
1490	J1	J1-3	2	1	1	6	173	0	0	0	NA	0	0	0	NA
1017	J3	J3-6	2	1	0	0	NA	1	0	0	NA	0	0	0	NA
587	T3	T3-5	2	1	0	0	NA	1	0	0	NA	1	0	0	NA
1706	J1	J1-3	2	1	1	5	189	1	0	0	NA	0	0	0	NA
144	T1	T1-5	2	1	1	5	180	0	0	0	NA	0	0	0	NA
2305	GER	GER-8	2	1	0	0	NA	0	0	0	NA	0	0	0	NA
1062	T3	T3-2	2	1	0	0	NA	0	0	0	NA	0	0	0	NA
367	J1	J1-1	2	1	0	0	NA	0	0	0	NA	0	0	0	NA
1511	J3	J3-1	2	1	1	9	173	1	0	0	NA	0	0	0	NA
997	T3	T3-5	2	1	0	0	NA	0	0	0	NA	0	0	0	NA
2914	NC	NC-33	2	0	0	0	NA	0	0	0	NA	0	0	0	NA
2436	GER	GER-15	2	1	0	0	NA	0	0	0	NA	0	0	0	NA
1850	J3	J3-4	2	1	1	4	173	1	0	0	NA	0	0	0	NA
234	T1	T1-9	2	1	0	0	NA	1	1	4	165	0	0	0	NA
1338	J3	J3-3	2	1	1	9	180	1	0	0	NA	1	1	2	153
2328	GER	GER-9	2	1	1	4	189	0	0	0	NA	0	0	0	NA
1973	J3	J3-1	2	1	1	7	189	1	0	0	NA	1	0	0	NA
2068	T1	T1-11	2	1	0	0	NA	0	0	0	NA	0	0	0	NA
601	J3	J3-1	2	1	0	0	NA	1	0	0	NA	0	0	0	NA
269	T1	T1-8	2	1	0	0	NA	1	0	0	NA	0	0	0	NA
1053	T1	T1-10	2	1	1	4	180	0	0	0	NA	0	0	0	NA
192	J3	J3-2	2	1	0	0	NA	1	0	0	NA	0	0	0	NA
2449	GER	GER-16	2	1	1	3	195	0	0	0	NA	0	0	0	NA
2921	NC	NC-33	2	1	0	0	195	0	0	0	NA	0	0	0	NA
920	J3	J3-3	2	1	0	0	NA	1	1	2	157	0	0	0	NA
1222	J3	J3-4	2	1	1	8	173	1	0	0	NA	0	0	0	NA
2226	GER	GER-3	2	1	0	0	195	0	0	0	NA	0	0	0	NA
2006	J1	J1-6	2	1	1	6	180	0	0	0	NA	0	0	0	NA
2199	GER	GER-2	2	1	1	1	189	0	0	0	NA	0	0	0	NA
691	T1	T1-2	2	1	1	6	180	1	0	0	NA	0	0	0	NA
2056	J3	J3-3	2	1	1	10	180	1	1	4	157	1	1	4	153
1718	J3	J3-4	2	1	1	6	180	1	0	0	NA	0	0	0	NA
1939	J3	J3-2	2	1	0	0	NA	1	0	0	NA	0	0	0	NA
2105	J3	J3-4	2	1	0	0	NA	1	0	0	NA	0	0	0	NA
564	J3	J3-4	2	1	0	0	NA	1	1	4	157	0	0	0	NA
155	T3	T3-5	2	1	0	0	NA	1	0	0	NA	0	0	0	NA
675	T3	T3-5	2	1	0	0	NA	1	0	0	NA	0	0	0	NA
1255	T3	T3-3	2	1	0	0	231	1	0	0	NA	0	0	0	NA
159	J3	J3-5	2	1	0	0	NA	1	1	5	157	0	0	0	NA
156	J3	J3-5	2	1	1	6	173	1	1	3	157	0	0	0	NA
1909	J3	J3-3	2	1	0	0	NA	1	1	14	157	0	0	0	NA
620	T1	T1-1	2	0	0	0	NA	0	0	0	NA	0	0	0	NA
2323	GER	GER-9	2	1	1	2	195	0	0	0	NA	0	0	0	NA
2385	GER	GER-12	2	1	0	0	NA	0	0	0	NA	0	0	0	NA
861	T3	T3-1	2	1	0	0	NA	0	0	0	NA	0	0	0	NA
1023	J1	J1-9	2	0	0	0	NA	0	0	0	NA	0	0	0	NA
1070	T3	T3-4	2	1	0	0	NA	0	0	0	NA	0	0	0	NA
2440	GER	GER-15	2	1	0	0	NA	0	0	0	NA	0	0	0	NA
2816	NC	NC-34	2	1	1	4	189	0	0	0	NA	0	0	0	NA
1133	J3	J3-1	2	1	1	3	180	0	0	0	NA	0	0	0	NA
770	J3	J3-1	2	1	0	0	NA	1	0	0	NA	0	0	0	NA
1746	T1	T1-4	2	1	1	12	173	0	0	0	NA	0	0	0	NA
2357	GER	GER-11	2	1	1	7	180	0	0	0	NA	0	0	0	NA
851	J3	J3-5	2	1	1	6	180	1	0	0	NA	0	0	0	NA
270	T3	T3-6	2	1	1	2	231	0	0	0	NA	0	0	0	NA
782	T3	T3-4	2	1	0	0	NA	0	0	0	NA	0	0	0	NA
1448	J1	J1-1	2	1	1	7	173	0	0	0	NA	0	0	0	NA
1450	T1	T1-1	2	1	1	6	180	0	0	0	NA	0	0	0	NA
1793	J1	J1-6	2	1	1	4	180	1	0	0	NA	0	0	0	NA
2568	NC	NC-37	2	1	1	2	189	0	0	0	NA	0	0	0	NA
909	T1	T1-3	2	1	0	0	NA	1	0	0	NA	0	0	0	NA
1475	J3	J3-1	2	1	1	8	173	1	0	0	NA	0	0	0	NA
2760	NC	NC-35	2	1	1	4	189	0	0	0	NA	0	0	0	NA
613	J1	J1-3	2	1	1	5	180	1	0	0	NA	0	0	0	NA
994	J1	J1-6	2	1	0	0	NA	1	0	0	NA	0	0	0	NA
2217	GER	GER-3	2	1	1	10	180	0	0	0	NA	0	0	0	NA
2070	T3	T3-4	2	1	1	2	189	1	0	0	NA	0	0	0	NA
2326	GER	GER-9	2	1	1	3	189	1	0	0	NA	0	0	0	NA
2770	NC	NC-35	2	1	1	3	195	0	0	0	NA	0	0	0	NA
1210	T1	T1-3	2	1	0	0	195	1	0	0	NA	0	0	0	NA
1324	J1	J1-3	2	1	1	2	189	1	0	0	NA	0	0	0	NA
520	T3	T3-5	2	1	0	0	NA	0	0	0	NA	0	0	0	NA
817	J3	J3-3	2	1	0	0	NA	1	1	2	173	0	0	0	NA
1002	J3	J3-5	2	1	1	5	180	1	0	0	NA	0	0	0	NA
175	T1	T1-3	2	0	0	0	NA	0	0	0	NA	0	0	0	NA
957	J3	J3-1	2	1	1	6	173	1	0	0	NA	1	0	0	NA
1138	T3	T3-3	2	1	1	3	195	1	0	0	NA	0	0	0	NA
2817	NC	NC-34	2	1	1	3	189	0	0	0	NA	0	0	0	NA
1576	J1	J1-1	2	1	1	4	189	1	0	0	NA	0	0	0	NA
2223	GER	GER-3	2	1	0	0	231	0	0	0	NA	0	0	0	NA
2177	GER	GER-1	2	1	0	0	NA	0	0	0	NA	0	0	0	NA
1391	J3	J3-6	2	1	1	29	173	1	0	0	NA	0	0	0	NA
224	J1	J1-8	2	1	0	0	NA	1	0	0	NA	0	0	0	NA
1852	J1	J1-3	2	1	1	4	180	1	0	0	NA	0	0	0	NA
802	J1	J1-8	2	1	0	0	NA	0	0	0	NA	0	0	0	NA
2447	GER	GER-16	2	1	1	9	189	0	0	0	NA	0	0	0	NA
2920	NC	NC-33	2	1	0	0	189	0	0	0	NA	0	0	0	NA
2215	GER	GER-3	2	1	1	4	180	0	0	0	NA	0	0	0	NA
1452	J3	J3-6	2	1	1	15	180	1	0	0	NA	0	0	0	NA
499	T1	T1-10	2	1	1	3	NA	1	0	0	NA	0	0	0	NA
533	T3	T3-6	2	1	1	3	189	1	0	0	NA	0	0	0	NA
2761	NC	NC-35	2	1	1	4	189	0	0	0	NA	0	0	0	NA
1536	T3	T3-4	2	1	0	0	NA	0	0	0	NA	0	0	0	NA
1346	J1	J1-1	2	1	0	0	NA	1	1	2	165	0	0	0	NA
2375	GER	GER-12	2	1	1	9	180	0	0	0	NA	0	0	0	NA
2270	GER	GER-6	2	1	1	6	189	0	0	0	NA	0	0	0	NA
2251	GER	GER-5	2	1	1	4	189	0	0	0	NA	0	0	0	NA
2086	J3	J3-6	2	1	1	7	173	1	0	0	NA	0	0	0	NA
1214	J3	J3-5	2	1	0	0	NA	1	0	0	NA	0	0	0	NA
1176	J3	J3-5	2	1	1	13	173	1	0	0	NA	0	0	0	NA
86	J3	J3-4	2	1	0	0	NA	1	0	0	NA	0	0	0	NA
1343	T3	T3-5	2	1	1	2	189	1	0	0	NA	0	0	0	NA
2571	NC	NC-37	2	1	0	0	189	0	0	0	NA	0	0	0	NA
536	T1	T1-3	2	1	0	0	NA	1	0	0	NA	0	0	0	NA
484	T3	T3-5	2	1	0	0	NA	1	0	0	NA	0	0	0	NA
208	J3	J3-2	2	1	0	0	NA	1	0	0	NA	0	0	0	NA
235	J3	J3-1	2	1	0	0	NA	1	0	0	NA	0	0	0	NA
1714	T3	T3-3	2	1	0	0	231	0	0	0	NA	0	0	0	NA
2361	GER	GER-11	2	1	1	8	180	0	0	0	NA	0	0	0	NA
2033	J3	J3-4	2	1	0	0	NA	1	0	0	NA	0	0	0	NA
796	J3	J3-3	2	1	0	0	NA	1	0	0	NA	0	0	0	NA
519	T1	T1-2	2	1	0	0	NA	1	0	0	NA	0	0	0	NA
1336	T1	T1-2	2	1	1	4	189	1	0	0	NA	0	0	0	NA
108	J1	J1-7	2	1	0	0	NA	1	0	0	NA	1	0	0	NA
1758	J3	J3-1	2	1	0	0	NA	1	0	0	NA	0	0	0	NA
603	T1	T1-2	2	1	1	6	180	1	0	0	NA	0	0	0	NA
182	J1	J1-4	2	1	1	5	180	0	0	0	NA	0	0	0	NA
559	T1	T1-4	2	1	1	4	173	1	1	6	157	1	0	0	NA
794	J1	J1-5	2	1	0	0	NA	0	0	0	NA	0	0	0	NA
811	J3	J3-6	2	1	1	3	189	1	0	0	NA	0	0	0	NA
1892	J3	J3-1	2	1	1	8	173	1	0	0	NA	1	0	0	NA
2189	GER	GER-1	2	1	1	1	189	0	0	0	NA	0	0	0	NA
2339	GER	GER-10	2	1	0	0	189	0	0	0	NA	0	0	0	NA
918	J1	J1-4	2	1	0	0	NA	1	0	0	NA	0	0	0	NA
2239	GER	GER-4	2	1	0	0	189	1	0	0	NA	0	0	0	NA
2202	GER	GER-2	2	1	0	0	195	0	0	0	NA	0	0	0	NA
1066	T1	T1-1	2	1	0	0	NA	0	0	0	NA	0	0	0	NA
2387	GER	GER-12	2	1	1	1	189	0	0	0	NA	0	0	0	NA
167	T3	T3-6	2	1	0	0	231	1	0	0	NA	0	0	0	NA
2238	GER	GER-4	2	1	0	0	189	1	0	0	NA	0	0	0	NA
969	T1	T1-11	2	1	1	4	180	1	0	0	173	1	0	0	NA
2311	GER	GER-8	2	1	0	0	NA	1	0	0	NA	0	0	0	NA
1033	J1	J1-2	2	1	1	6	180	0	0	0	NA	0	0	0	NA
2767	NC	NC-35	2	1	1	4	189	0	0	0	NA	0	0	0	NA
2773	NC	NC-35	2	1	1	4	189	0	0	0	NA	0	0	0	NA
2451	GER	GER-16	2	0	0	0	NA	0	0	0	NA	0	0	0	NA
1131	J3	J3-4	2	1	1	7	173	1	0	0	NA	0	0	0	NA
2249	GER	GER-5	2	1	0	0	189	0	0	0	NA	0	0	0	NA
1474	T1	T1-3	2	1	1	4	189	1	0	0	NA	1	0	0	NA
1386	J3	J3-4	2	1	1	4	173	1	1	5	157	0	0	0	NA
191	J3	J3-1	2	1	0	0	NA	1	1	9	157	1	1	6	153
424	T1	T1-7	2	1	1	4	180	1	0	0	NA	0	0	0	NA
2250	GER	GER-5	2	1	1	4	189	1	0	0	NA	0	0	0	NA
2003	J3	J3-4	2	1	1	2	173	1	0	0	NA	0	0	0	NA
820	J1	J1-9	2	1	0	0	NA	0	0	0	NA	0	0	0	NA
842	T1	T1-2	2	1	0	0	NA	1	0	0	NA	1	0	0	NA
904	J1	J1-1	2	1	0	0	NA	1	1	4	165	0	0	0	NA
1159	J1	J1-5	2	1	1	6	180	1	1	2	165	1	0	0	NA
2180	GER	GER-1	2	0	0	0	NA	0	0	0	NA	0	0	0	NA
162	J3	J3-1	2	1	1	2	180	1	0	0	NA	0	0	0	NA
1031	T3	T3-7	2	1	0	0	195	1	0	0	NA	1	0	0	NA
240	J3	J3-3	2	1	1	2	173	1	0	0	NA	1	1	8	153
2382	GER	GER-12	2	1	1	6	189	0	0	0	NA	0	0	0	NA
791	T3	T3-1	2	1	0	0	NA	1	0	0	NA	0	0	0	NA
813	T3	T3-5	2	1	0	0	NA	1	0	0	NA	0	0	0	NA
2139	T3	T3-5	2	1	0	0	NA	1	1	4	157	1	0	0	NA
2073	J1	J1-1	2	1	1	13	173	1	1	2	173	1	1	5	153
778	T3	T3-3	2	1	1	7	180	0	0	0	NA	0	0	0	NA
1304	J3	J3-6	2	1	1	16	173	1	0	0	165	0	0	0	NA
2569	NC	NC-37	2	0	0	0	NA	0	0	0	NA	0	0	0	NA
916	T3	T3-6	2	1	1	6	180	1	1	2	173	0	0	0	NA
1377	J3	J3-3	2	1	0	0	NA	1	1	6	157	1	0	0	NA
760	J1	J1-1	2	1	0	0	NA	1	0	0	NA	1	0	0	NA
886	T1	T1-3	2	1	1	8	173	1	0	0	NA	0	0	0	NA
921	T1	T1-11	2	1	0	0	NA	1	1	1	165	1	0	0	NA
1564	T1	T1-6	2	0	0	0	NA	0	0	0	NA	0	0	0	NA
1639	J1	J1-6	2	1	1	4	189	0	0	0	NA	0	0	0	NA
194	J1	J1-2	2	1	0	0	NA	1	0	0	NA	0	0	0	NA
2334	GER	GER-9	2	1	0	0	NA	0	0	0	NA	0	0	0	NA
752	J1	J1-4	2	1	0	0	NA	1	0	0	NA	0	0	0	NA
463	T1	T1-7	2	1	1	4	173	1	0	0	NA	0	0	0	NA
556	J1	J1-5	2	1	1	5	180	1	1	2	173	0	0	0	NA
1220	J3	J3-2	2	1	1	7	180	1	0	0	NA	1	0	0	NA
2286	GER	GER-7	2	1	0	0	NA	0	0	0	NA	0	0	0	NA
730	T3	T3-6	2	0	0	0	NA	0	0	0	NA	0	0	0	NA
2082	J1	J1-9	2	1	0	0	189	0	0	0	NA	0	0	0	NA
2437	GER	GER-15	2	1	0	0	NA	1	0	0	NA	0	0	0	NA
941	J3	J3-4	2	1	0	0	NA	1	0	0	NA	1	0	0	NA
2081	J1	J1-8	2	1	0	0	NA	1	0	0	NA	0	0	0	NA
2819	NC	NC-34	2	1	0	0	195	1	0	0	NA	0	0	0	NA
290	T3	T3-3	2	1	0	0	189	1	0	0	NA	0	0	0	NA
1573	J3	J3-4	2	1	1	2	189	1	1	9	165	1	1	4	153
249	J3	J3-6	2	1	1	3	180	1	0	0	NA	1	0	0	NA
3464	GER	GER-0	2	1	1	3	189	0	0	0	NA	0	0	0	NA
640	J3	J3-4	2	1	1	4	189	1	0	0	NA	1	0	0	NA