ID	Pop	Family	Block	Surv_15	Flow_15	Fruits_15	Fstart_15	Surv_16	Flow_16	Fruits_16	Fstart_16	Surv_17	Flow_17	Fruits_17	Fstart_17
2294	GER	GER-7	1	1	1	32	146	1	1	16	NA	0	0	0	NA
1412	T3	T3-4	1	1	1	2	NA	1	1	7	NA	0	0	0	NA
148	J3	J3-3	1	1	1	25	NA	1	1	123	129	0	0	0	NA
844	J1	J1-3	1	1	1	20	NA	1	1	120	136	1	1	16	141
2256	GER	GER-5	1	1	1	58	146	0	0	0	NA	0	0	0	NA
995	T1	T1-9	1	1	1	83	139	1	1	8	133	0	0	0	NA
2615	NC	NC-29	1	1	1	8	NA	0	0	0	NA	0	0	0	NA
550	T1	T1-11	1	1	1	103	135	1	1	137	129	0	0	0	NA
1876	T1	T1-2	1	1	1	75	146	1	1	19	136	0	0	0	NA
2393	GER	GER-13	1	1	1	37	149	0	0	0	NA	0	0	0	NA
1730	T3	T3-2	1	1	1	24	146	1	1	37	136	1	1	23	145
2774	NC	NC-35	1	1	1	27	146	0	0	0	NA	0	0	0	NA
70	J1	J1-8	1	1	1	101	142	1	1	180	133	1	1	29	141
2384	GER	GER-12	1	1	1	7	142	1	1	11	140	0	0	0	NA
1484	J3	J3-2	1	1	1	16	142	1	1	22	133	0	0	0	NA
593	J3	J3-5	1	1	1	21	139	1	1	85	133	1	1	8	145
1797	T3	T3-6	1	1	1	26	160	1	1	14	NA	0	0	0	NA
891	T1	T1-1	1	1	1	5	NA	1	1	5	NA	0	0	0	NA
1627	J3	J3-6	1	1	0	0	NA	1	1	74	129	1	1	4	141
2450	GER	GER-16	1	1	1	42	149	1	1	105	NA	0	0	0	NA
1968	T3	T3-1	1	1	1	11	149	1	1	25	140	1	1	9	141
2090	J3	J3-1	1	1	1	15	135	1	1	3	133	1	1	21	136
1264	T3	T3-3	1	1	1	20	157	1	1	57	140	1	1	10	176
2287	GER	GER-7	1	1	1	67	149	1	1	39	140	0	0	0	NA
2062	J3	J3-6	1	1	1	61	149	1	1	50	140	0	0	0	NA
1673	J1	J1-4	1	1	1	86	149	1	1	88	133	1	1	38	141
2519	GER	GER-GER4	1	1	1	51	146	1	1	41	NA	1	0	0	NA
2233	GER	GER-4	1	1	1	40	146	1	1	47	NA	0	0	0	NA
2918	NC	NC-33	1	1	1	31	142	0	0	0	NA	0	0	0	NA
237	T3	T3-3	1	1	0	0	NA	1	0	0	NA	0	0	0	NA
630	J3	J3-6	1	1	1	22	135	1	1	118	129	1	1	50	133
1043	T3	T3-6	1	1	1	8	149	1	1	21	140	0	0	0	NA
892	T3	T3-6	1	1	0	0	NA	1	0	0	NA	0	0	0	NA
574	T1	T1-10	1	1	1	32	149	1	1	55	140	0	0	0	NA
1152	T1	T1-3	1	1	1	4	149	1	1	19	140	1	0	0	NA
2235	GER	GER-4	1	1	1	22	146	1	1	45	140	0	0	0	NA
2104	T3	T3-1	1	1	1	3	157	1	1	2	NA	1	1	15	145
137	J1	J1-4	1	1	1	54	NA	0	0	0	NA	0	0	0	NA
139	J3	J3-3	1	1	1	4	NA	1	1	4	NA	1	1	30	133
2306	GER	GER-8	1	1	1	29	157	1	1	37	NA	1	1	35	145
1751	J1	J1-7	1	1	1	18	146	1	1	92	133	0	0	0	NA
2659	NC	NC-36	1	1	1	10	NA	0	0	0	NA	0	0	0	NA
887	J3	J3-6	1	1	1	10	NA	1	1	8	NA	0	0	0	NA
750	J3	J3-2	1	1	1	1	NA	1	1	45	133	1	1	70	136
2912	NC	NC-33	1	1	1	30	146	0	0	0	NA	0	0	0	NA
1097	J3	J3-2	1	1	1	13	142	1	0	0	NA	0	0	0	NA
621	J1	J1-1	1	1	1	15	139	1	1	30	136	1	1	28	141
1271	J1	J1-6	1	1	1	18	142	1	1	80	136	0	0	0	NA
143	J3	J3-3	1	1	1	53	149	1	1	42	129	0	0	0	NA
1102	J1	J1-4	1	1	1	65	139	1	1	132	140	0	0	0	NA
76	T3	T3-5	1	1	1	2	NA	1	0	0	NA	0	0	0	NA
2012	T3	T3-1	1	1	1	24	146	1	1	82	133	0	0	0	NA
938	T1	T1-2	1	1	1	20	139	1	1	45	129	0	0	0	NA
947	J1	J1-4	1	1	0	0	NA	1	1	85	133	1	1	52	136
985	J1	J1-1	1	1	1	20	142	1	1	195	133	1	1	30	136
617	J3	J3-4	1	1	1	68	142	1	1	181	129	1	1	73	136
2196	GER	GER-2	1	1	1	22	146	1	1	62	NA	0	0	0	NA
832	T3	T3-1	1	1	1	5	159	1	1	19	NA	1	1	32	145
163	J1	J1-2	1	1	1	81	139	1	1	220	133	1	1	35	136
2341	GER	GER-10	1	1	1	12	157	1	1	78	NA	1	1	12	145
238	J3	J3-1	1	1	1	19	135	1	1	74	129	0	0	0	NA
781	T1	T1-9	1	1	1	5	142	1	0	0	NA	0	0	0	NA
2014	J3	J3-4	1	1	0	0	NA	1	1	15	129	0	0	0	NA
2418	GER	GER-14	1	0	0	0	NA	0	0	0	NA	0	0	0	NA
256	J1	J1-9	1	1	1	40	157	1	1	153	133	0	0	0	NA
544	J3	J3-5	1	1	0	0	NA	1	1	6	136	1	1	9	141
2036	J3	J3-1	1	1	1	32	139	1	1	89	129	1	1	25	133
2308	GER	GER-8	1	0	0	0	NA	0	0	0	NA	0	0	0	NA
984	T1	T1-10	1	1	1	5	139	1	1	20	133	0	0	0	NA
1681	J3	J3-1	1	1	1	22	128	1	0	0	136	0	0	0	NA
1727	J3	J3-3	1	1	1	25	142	1	1	113	133	1	1	18	133
1907	T1	T1-7	1	1	1	50	159	1	1	40	129	0	0	0	NA
1862	J1	J1-3	1	1	0	0	142	0	0	0	NA	0	0	0	NA
2386	GER	GER-12	1	1	1	2	NA	1	1	5	NA	0	0	0	NA
150	J3	J3-1	1	1	1	3	157	1	1	6	NA	1	1	14	133
1058	T1	T1-2	1	1	1	23	139	1	1	79	133	1	1	39	141
1941	T3	T3-6	1	1	1	6	146	1	1	26	136	1	1	19	141
1198	T3	T3-7	1	1	1	21	149	1	1	22	NA	0	0	0	NA
570	J1	J1-1	1	1	1	53	NA	1	1	86	129	0	0	0	NA
962	T1	T1-3	1	1	1	12	149	1	1	77	136	1	1	42	141
532	J3	J3-1	1	1	1	27	139	1	1	20	136	0	0	0	NA
2252	GER	GER-5	1	1	1	18	139	1	1	40	NA	0	0	0	NA
946	J1	J1-5	1	1	1	41	139	1	1	228	133	1	1	31	145
281	T3	T3-4	1	1	1	9	146	0	0	0	NA	0	0	0	NA
2234	GER	GER-4	1	1	1	4	142	1	1	11	140	0	0	0	NA
1709	J1	J1-2	1	1	1	13	139	1	1	177	129	1	1	25	141
2617	NC	NC-29	1	1	1	16	157	0	0	0	NA	0	0	0	NA
1275	J3	J3-4	1	1	1	21	146	1	1	16	133	0	0	0	NA
401	J3	J3-2	1	1	1	6	NA	1	1	4	129	1	1	2	141
2448	GER	GER-16	1	1	1	35	157	1	1	60	140	0	0	0	NA
2219	GER	GER-3	1	1	1	29	139	1	1	71	140	0	0	0	NA
2267	GER	GER-6	1	1	1	12	146	0	0	0	NA	0	0	0	NA
1913	T3	T3-5	1	1	1	13	142	1	1	20	140	1	1	6	145
2089	T1	T1-2	1	1	1	10	149	1	1	48	136	0	0	0	NA
529	T1	T1-4	1	1	0	0	NA	1	1	3	136	1	1	6	141
2310	GER	GER-8	1	1	1	2	157	0	0	0	NA	0	0	0	NA
315	T3	T3-6	1	1	1	41	149	1	1	24	NA	0	0	0	NA
273	T3	T3-7	1	1	1	17	149	1	1	17	NA	0	0	0	NA
2340	GER	GER-10	1	1	1	6	NA	1	1	16	NA	0	0	0	NA
583	J1	J1-1	1	1	0	0	NA	0	0	0	NA	0	0	0	NA
420	J3	J3-1	1	1	1	17	132	1	1	63	130	1	1	27	133
103	T1	T1-5	1	1	1	48	139	1	1	87	133	1	1	25	133
2258	GER	GER-5	1	1	1	14	142	1	1	58	140	0	0	0	NA
2414	GER	GER-14	1	1	1	27	146	1	1	22	140	0	0	0	NA
2766	NC	NC-35	1	1	1	65	157	0	0	0	NA	0	0	0	NA
1756	J3	J3-5	1	1	1	9	139	1	1	65	130	0	0	0	NA
297	T3	T3-8	1	1	1	5	157	0	0	0	NA	0	0	0	NA
1610	J3	J3-5	1	1	1	18	139	1	1	53	130	0	0	0	NA
1122	J1	J1-6	1	1	1	31	139	1	1	60	133	1	1	18	145
2329	GER	GER-9	1	1	1	10	157	1	1	34	140	0	0	0	NA
917	T3	T3-4	1	1	1	9	157	1	1	31	NA	1	1	30	145
1185	T3	T3-3	1	1	1	21	NA	1	1	45	133	0	0	0	NA
124	T3	T3-3	1	1	0	0	NA	1	1	37	NA	0	0	0	NA
2397	GER	GER-13	1	0	0	0	NA	0	0	0	NA	0	0	0	NA
2197	GER	GER-2	1	1	1	36	142	1	1	140	NA	0	0	0	NA
821	J3	J3-6	1	0	0	0	135	0	0	0	NA	0	0	0	NA
1744	J1	J1-5	1	1	1	81	139	0	0	0	NA	0	0	0	NA
1029	T3	T3-5	1	1	0	0	NA	0	0	0	NA	0	0	0	NA
1105	J3	J3-1	1	1	1	32	132	1	1	127	130	1	1	7	136
1054	T1	T1-7	1	1	0	0	139	0	0	0	NA	0	0	0	NA
171	T1	T1-5	1	1	1	33	157	1	1	24	NA	0	0	0	NA
2051	J3	J3-3	1	1	1	22	135	1	1	102	130	1	1	12	141
576	T3	T3-2	1	1	1	10	157	1	1	57	136	0	0	0	NA
924	T3	T3-1	1	1	1	13	146	1	1	71	136	1	1	21	145
1533	T1	T1-10	1	1	1	2	NA	1	1	6	133	1	1	19	145
2236	GER	GER-4	1	1	1	10	149	1	1	11	NA	0	0	0	NA
1932	J1	J1-4	1	1	1	5	149	1	1	41	136	1	1	22	136
899	J1	J1-6	1	1	1	27	139	1	1	301	133	1	1	41	141
1009	T3	T3-3	1	1	1	29	142	1	1	100	133	0	0	0	NA
2435	GER	GER-15	1	1	1	5	149	1	1	2	133	0	0	0	NA
132	J3	J3-5	1	1	0	0	NA	1	1	8	NA	1	1	35	133
2453	GER	GER-16	1	1	1	4	149	1	1	13	136	0	0	0	NA
637	J1	J1-9	1	1	1	70	135	0	0	0	NA	0	0	0	NA
930	T1	T1-10	1	1	1	3	135	1	1	84	129	1	1	22	133
2818	NC	NC-34	1	1	1	45	157	0	0	0	NA	0	0	0	NA
933	T1	T1-10	1	1	1	11	135	1	1	31	133	1	1	29	136
2441	GER	GER-15	1	1	0	0	157	1	1	11	NA	0	0	0	NA
1558	T3	T3-7	1	1	1	22	157	1	1	13	136	1	1	23	145
2214	GER	GER-3	1	1	1	13	149	1	1	53	NA	0	0	0	NA
560	J3	J3-2	1	1	1	6	NA	1	1	120	129	1	1	58	133
479	J3	J3-4	1	1	1	16	142	1	1	70	129	1	1	40	133
2377	GER	GER-12	1	1	1	28	146	1	1	45	140	0	0	0	NA
540	T1	T1-6	1	1	1	3	NA	1	1	66	133	1	1	41	133
495	T1	T1-5	1	1	1	14	139	1	1	72	133	1	1	56	133
2304	GER	GER-8	1	1	1	26	142	1	1	26	NA	0	0	0	NA
841	T3	T3-3	1	1	0	0	NA	1	1	32	NA	1	1	12	145
2229	GER	GER-3	1	0	0	0	NA	0	0	0	NA	0	0	0	NA
1506	T3	T3-5	1	1	1	5	157	1	1	70	140	0	0	0	NA
258	J1	J1-1	1	1	1	93	149	1	1	84	133	1	1	34	136
2467	GER	GER-GER6	1	0	0	0	NA	0	0	0	NA	0	0	0	NA
2915	NC	NC-33	1	1	1	36	146	0	0	0	NA	0	0	0	NA
2908	NC	NC-33	1	1	1	36	149	0	0	0	NA	0	0	0	NA
1126	J3	J3-6	1	1	1	93	132	1	1	160	133	0	0	0	NA
2810	NC	NC-34	1	1	1	3	157	0	0	0	NA	0	0	0	NA
2168	T3	T3-3	1	1	1	17	149	1	1	29	NA	0	0	0	NA
761	J1	J1-3	1	1	0	0	NA	1	1	102	140	1	1	22	141
1597	T3	T3-6	1	1	1	10	149	1	1	16	140	0	0	0	NA
2272	GER	GER-6	1	1	1	3	157	1	1	7	NA	0	0	0	NA
1132	J3	J3-6	1	1	1	61	135	1	1	200	129	1	1	87	133
2661	NC	NC-36	1	1	1	35	157	0	0	0	NA	0	0	0	NA
2907	NC	NC-33	1	1	1	17	157	0	0	0	NA	0	0	0	NA
1363	J3	J3-6	1	1	1	17	139	1	1	141	133	0	0	0	NA
185	J3	J3-6	1	1	1	24	139	1	1	100	133	0	0	0	NA
2132	T3	T3-7	1	1	1	17	149	1	0	0	NA	0	0	0	NA
265	J1	J1-3	1	1	1	33	NA	1	0	0	NA	0	0	0	NA
1848	J1	J1-2	1	1	1	66	157	1	1	92	130	1	1	15	141
2254	GER	GER-5	1	1	1	21	149	1	1	50	NA	0	0	0	NA
663	J1	J1-5	1	1	1	21	NA	1	1	131	130	1	1	24	136
1358	T3	T3-6	1	1	1	40	142	1	1	106	NA	0	0	0	NA
1285	J1	J1-9	1	1	1	15	157	1	1	110	133	1	1	27	136
2085	T3	T3-1	1	1	1	13	157	1	1	87	136	1	1	40	145
1665	T1	T1-3	1	1	1	5	139	1	1	51	133	1	1	50	136
2662	NC	NC-36	1	1	1	19	NA	0	0	0	NA	0	0	0	NA
915	J3	J3-6	1	1	1	10	146	1	1	55	133	1	1	59	136
2200	GER	GER-2	1	1	1	10	157	0	0	0	NA	0	0	0	NA
1803	J3	J3-5	1	1	1	35	139	1	1	40	130	1	1	37	133
1431	J3	J3-1	1	1	1	26	132	1	1	5	140	0	0	0	NA
268	T3	T3-4	1	1	1	16	157	1	1	9	NA	0	0	0	NA
877	J3	J3-5	1	1	1	12	139	1	1	30	130	1	1	30	133
186	T1	T1-4	1	1	1	4	NA	1	1	40	133	1	1	49	133
1067	J3	J3-2	1	1	1	9	NA	1	1	29	130	1	1	20	133
885	J3	J3-5	1	1	1	10	146	1	1	23	130	1	1	23	133
1957	T1	T1-7	1	1	1	29	135	1	1	60	133	1	1	50	133
951	T3	T3-6	1	1	1	23	142	1	1	40	136	1	1	36	136
247	J1	J1-4	1	1	1	14	157	1	1	146	136	1	1	49	141
769	J3	J3-5	1	1	1	4	157	1	1	31	130	0	0	0	NA
2228	GER	GER-3	1	1	0	0	NA	1	1	17	NA	1	1	6	145
980	T3	T3-6	1	1	1	30	149	1	1	91	130	1	0	0	NA
575	T3	T3-5	1	1	1	3	157	1	1	4	NA	0	0	0	NA
2518	GER	GER-GER4	1	1	1	6	139	1	1	14	NA	0	0	0	NA
809	J1	J1-5	1	1	1	8	146	1	1	29	133	0	0	0	NA
393	J1	J1-7	1	1	1	23	139	1	1	197	130	1	1	21	136
881	J3	J3-2	1	1	1	13	146	0	0	0	NA	0	0	0	NA
383	J1	J1-4	1	1	1	21	139	1	1	76	133	0	0	0	NA
1052	J1	J1-4	1	1	1	20	139	1	1	97	133	1	1	45	136
966	T1	T1-9	1	1	1	20	135	1	1	14	133	0	0	0	NA
110	T3	T3-3	1	1	1	50	146	1	1	130	140	1	1	32	145
1049	J3	J3-2	1	1	1	8	139	1	1	24	130	1	1	16	136
937	J3	J3-2	1	1	1	16	NA	1	1	39	130	1	1	20	133
870	J3	J3-6	1	1	1	45	135	1	1	152	130	0	0	0	NA
2916	NC	NC-33	1	0	0	0	146	0	0	0	NA	0	0	0	NA
91	T1	T1-7	1	1	1	19	135	1	1	14	133	0	0	0	NA
2911	NC	NC-33	1	1	0	0	142	0	0	0	NA	0	0	0	NA
992	T1	T1-4	1	1	1	54	132	1	1	65	130	1	1	6	145
488	J1	J1-1	1	0	0	0	NA	0	0	0	NA	0	0	0	NA
1871	T1	T1-3	1	1	1	12	NA	1	0	0	NA	0	0	0	NA
2857	NC	NC-32	1	1	1	34	146	0	0	0	NA	0	0	0	NA
986	J3	J3-2	2	1	1	36	146	1	0	0	NA	0	0	0	NA
206	T3	T3-5	2	1	1	13	157	1	1	52	133	0	0	0	NA
2769	NC	NC-35	2	1	1	18	142	0	0	0	NA	0	0	0	NA
2860	NC	NC-32	2	1	1	33	149	0	0	0	NA	0	0	0	NA
2332	GER	GER-9	2	1	1	3	NA	1	1	9	NA	0	0	0	NA
1977	J3	J3-6	2	1	1	23	139	1	1	130	133	1	1	36	136
757	T1	T1-3	2	1	1	4	142	1	1	8	133	1	1	4	136
2905	NC	NC-33	2	1	1	47	157	0	0	0	NA	0	0	0	NA
2181	GER	GER-1	2	1	1	33	146	1	1	74	NA	0	0	0	NA
2439	GER	GER-15	2	1	1	12	142	1	1	22	NA	0	0	0	NA
487	T1	T1-6	2	1	1	12	142	1	0	0	NA	1	1	22	136
968	J3	J3-5	2	1	1	10	139	1	1	26	133	0	0	0	NA
2293	GER	GER-7	2	1	1	19	142	1	1	68	NA	0	0	0	NA
912	J3	J3-2	2	1	0	0	NA	1	1	7	130	1	1	13	141
20	J1	J1-5	2	1	1	10	NA	1	1	60	133	1	1	42	136
773	J3	J3-5	2	1	1	6	146	1	1	67	130	1	1	4	136
1244	J3	J3-2	2	1	1	71	142	1	1	178	130	1	1	38	133
1761	J1	J1-4	2	1	1	22	135	1	1	26	133	0	0	0	NA
1541	J3	J3-5	2	1	1	16	139	1	1	14	130	1	1	18	133
1440	J3	J3-6	2	1	1	48	135	1	1	120	130	1	1	40	136
174	T1	T1-7	2	1	1	21	142	1	1	19	133	1	1	17	136
2087	J1	J1-5	2	1	1	73	146	1	1	200	133	0	0	0	NA
2268	GER	GER-6	2	1	1	15	146	1	1	94	NA	0	0	0	NA
2260	GER	GER-5	2	1	1	30	142	1	1	161	NA	0	0	0	NA
2115	J1	J1-5	2	1	1	45	NA	1	1	280	130	0	0	0	NA
75	J3	J3-1	2	1	1	17	135	1	1	50	136	1	1	31	133
561	J1	J1-5	2	1	1	20	149	1	1	60	133	0	0	0	NA
923	J3	J3-3	2	1	1	6	142	1	1	23	130	1	1	1	133
170	J1	J1-3	2	1	1	3	139	1	1	116	133	0	0	0	NA
2455	GER	GER-16	2	1	1	7	139	1	1	56	140	0	0	0	NA
2389	GER	GER-12	2	0	0	0	NA	0	0	0	NA	0	0	0	NA
579	T1	T1-6	2	1	1	33	135	1	1	12	133	1	1	12	136
1649	J1	J1-8	2	1	1	57	142	1	1	64	136	1	1	3	136
785	J3	J3-2	2	1	1	40	139	0	0	0	NA	0	0	0	NA
1462	T1	T1-3	2	1	1	28	159	1	1	67	136	0	0	0	NA
2187	GER	GER-1	2	1	1	12	146	1	1	24	NA	0	0	0	NA
2271	GER	GER-6	2	1	1	7	157	0	0	0	NA	0	0	0	NA
497	J3	J3-1	2	1	1	25	135	1	1	128	130	0	0	0	NA
2324	GER	GER-9	2	1	1	11	146	1	1	72	NA	0	0	0	NA
1334	J1	J1-1	2	1	1	83	135	1	1	300	130	1	1	32	136
412	T3	T3-1	2	1	1	205	157	1	1	185	133	0	0	0	NA
525	T1	T1-6	2	1	1	15	139	1	0	0	NA	0	0	0	NA
631	J1	J1-8	2	1	1	104	157	1	1	273	130	1	1	10	141
2812	NC	NC-34	2	1	1	18	157	0	0	0	NA	0	0	0	NA
897	T1	T1-2	2	1	1	3	NA	1	1	10	140	1	1	25	141
509	T3	T3-4	2	1	1	12	159	1	1	46	140	0	0	0	NA
1061	T1	T1-3	2	1	0	0	NA	1	1	10	133	0	0	0	NA
1813	J1	J1-8	2	1	1	78	142	1	1	382	133	0	0	0	NA
82	T1	T1-1	2	1	1	66	157	0	0	0	NA	0	0	0	NA
2904	NC	NC-33	2	1	1	40	142	0	0	0	NA	0	0	0	NA
1640	J1	J1-4	2	1	1	12	142	1	1	260	133	0	0	0	NA
2572	NC	NC-37	2	1	1	29	142	0	0	0	NA	0	0	0	NA
2858	NC	NC-32	2	1	1	13	149	0	0	0	NA	0	0	0	NA
1877	T1	T1-3	2	1	1	26	146	1	1	160	133	0	0	0	NA
2020	J1	J1-9	2	1	1	62	139	1	1	130	133	1	1	31	141
2764	NC	NC-35	2	1	1	14	146	0	0	0	NA	0	0	0	NA
1513	J1	J1-3	2	1	1	52	139	1	1	23	133	1	1	60	136
1906	J3	J3-3	2	1	1	40	139	0	0	0	NA	0	0	0	NA
2811	NC	NC-34	2	1	1	14	157	0	0	0	NA	0	0	0	NA
1306	J3	J3-6	2	1	1	36	157	1	1	210	130	0	0	0	NA
222	J3	J3-3	2	1	1	20	142	1	1	60	130	0	0	0	NA
2303	GER	GER-8	2	1	1	1	149	1	1	70	NA	0	0	0	NA
1835	J3	J3-4	2	1	0	0	NA	1	1	26	130	0	0	0	NA
1290	J1	J1-7	2	1	1	19	149	1	1	32	130	0	0	0	NA
1096	J3	J3-2	2	1	1	52	142	0	0	0	NA	0	0	0	NA
660	J1	J1-2	2	1	1	13	157	1	1	114	136	1	1	97	136
1100	T3	T3-5	2	1	1	118	139	1	1	70	133	0	0	0	NA
491	J1	J1-1	2	1	1	5	149	1	1	33	130	1	1	17	141
2663	NC	NC-36	2	1	1	23	157	0	0	0	NA	0	0	0	NA
573	J3	J3-4	2	1	1	40	142	0	0	0	NA	0	0	0	NA
2333	GER	GER-9	2	1	1	13	149	1	1	32	NA	0	0	0	NA
1175	J3	J3-6	2	1	1	32	142	1	1	20	130	0	0	0	NA
860	T3	T3-4	2	1	1	80	142	1	1	73	133	0	0	0	NA
824	J3	J3-5	2	1	1	29	NA	1	1	16	130	0	0	0	NA
2167	J1	J1-6	2	1	1	25	142	1	1	104	133	1	1	20	136
1525	J1	J1-5	2	1	1	73	157	1	1	376	133	0	0	0	NA
2009	T1	T1-2	2	1	1	7	157	1	1	22	140	1	1	4	145
1108	J1	J1-7	2	1	1	74	142	1	1	81	130	1	1	24	133
551	J1	J1-4	2	1	0	0	NA	1	1	17	133	1	1	14	136
1008	J3	J3-3	2	1	1	34	NA	1	1	98	130	0	0	0	NA
1601	J3	J3-4	2	1	1	127	135	1	1	260	130	1	1	36	133
797	J3	J3-2	2	1	1	9	NA	1	1	74	130	1	1	17	136
1496	J1	J1-6	2	1	1	79	139	1	1	131	133	1	1	33	136
2772	NC	NC-35	2	1	1	24	146	0	0	0	NA	0	0	0	NA
220	T1	T1-3	2	1	1	3	NA	0	0	0	NA	0	0	0	NA
756	J1	J1-4	2	1	1	28	142	1	1	89	133	0	0	0	NA
2098	T1	T1-10	2	1	1	17	142	1	1	4	NA	0	0	0	NA
2140	J1	J1-10	2	1	1	117	139	1	1	40	133	0	0	0	NA
141	J3	J3-4	2	1	1	104	142	1	1	79	130	1	1	39	133
932	J1	J1-6	2	1	1	37	142	1	1	200	133	1	1	28	141
878	T3	T3-5	2	1	1	3	NA	1	0	0	NA	0	0	0	NA
865	J3	J3-3	2	1	1	19	157	1	1	120	130	0	0	0	NA
2808	NC	NC-34	2	1	1	27	157	0	0	0	NA	0	0	0	NA
945	J3	J3-6	2	1	1	35	142	1	1	70	130	1	1	25	133
2664	NC	NC-36	2	0	0	0	NA	0	0	0	NA	0	0	0	NA
866	T3	T3-2	2	1	1	21	157	0	0	0	NA	0	0	0	NA
862	T1	T1-7	2	1	1	54	135	1	1	25	133	1	1	27	136
446	T3	T3-3	2	1	1	5	NA	1	1	79	136	0	0	0	NA
1980	T3	T3-3	2	1	1	7	NA	1	1	50	140	1	1	28	141
963	J3	J3-6	2	1	1	39	139	1	1	41	130	0	0	0	NA
1120	J3	J3-6	2	1	1	56	132	1	1	160	130	0	0	0	NA
1651	J3	J3-5	2	1	1	47	135	1	1	16	130	0	0	0	NA
1837	J3	J3-6	2	1	1	29	132	1	1	132	130	1	1	37	133
2035	J1	J1-6	2	1	1	48	149	1	1	60	136	0	0	0	NA
469	T3	T3-5	2	1	1	23	NA	1	1	52	136	1	1	24	136
1082	J1	J1-7	2	1	1	50	139	1	1	64	133	1	1	20	133
857	T1	T1-1	2	1	1	37	139	1	1	57	133	1	1	31	133
1047	J3	J3-2	2	1	1	7	139	1	1	5	130	1	1	10	136
830	J1	J1-9	2	1	1	25	139	1	1	69	133	1	1	51	133
814	T3	T3-4	2	1	1	10	157	1	1	20	136	0	0	0	NA
483	T3	T3-2	2	1	0	0	NA	0	0	0	NA	0	0	0	NA
2570	NC	NC-37	2	1	1	23	146	0	0	0	NA	0	0	0	NA
848	J3	J3-2	2	1	1	104	139	1	1	150	130	1	1	44	133
606	T3	T3-2	2	1	1	9	149	1	1	9	NA	0	0	0	NA
695	T3	T3-3	2	1	1	42	157	1	1	100	136	1	1	100	145
1562	J1	J1-1	2	1	1	55	139	1	1	131	130	1	1	42	145
1203	J3	J3-1	2	1	1	34	135	1	1	37	130	1	1	21	136
2359	GER	GER-11	2	1	1	96	149	1	1	191	140	0	0	0	NA
363	T3	T3-6	2	1	1	24	157	1	1	46	133	0	0	0	NA
246	J1	J1-1	2	1	1	88	157	1	1	132	130	1	1	44	141
565	T3	T3-2	2	1	1	59	NA	1	1	180	133	1	1	16	141
819	T3	T3-4	2	1	1	18	157	1	1	87	136	1	1	47	141
2321	GER	GER-9	2	1	1	12	157	1	1	50	140	0	0	0	NA
883	T3	T3-6	2	1	1	12	NA	1	0	0	NA	0	0	0	NA
2065	T3	T3-3	2	1	1	27	146	1	1	75	140	1	1	27	141
1753	T3	T3-6	2	1	1	23	157	1	1	40	140	1	1	18	141
2861	NC	NC-32	2	1	0	0	157	0	0	0	NA	0	0	0	NA
2072	T1	T1-1	2	1	1	34	139	1	1	35	133	1	1	22	133
1717	T3	T3-7	2	1	1	62	159	1	1	30	NA	0	0	0	NA
810	T3	T3-2	2	1	1	20	NA	1	0	0	140	1	1	11	136
1570	T1	T1-7	2	1	1	14	142	0	0	0	NA	0	0	0	NA
2325	GER	GER-9	2	1	1	42	157	1	1	40	140	0	0	0	NA
852	J3	J3-4	2	1	1	32	142	1	1	39	130	1	1	26	136
161	T1	T1-5	2	1	1	86	142	0	0	0	NA	0	0	0	NA
146	T3	T3-4	2	1	1	13	157	0	0	0	NA	0	0	0	NA
905	J3	J3-1	2	1	1	43	173	1	1	38	130	0	0	0	NA
827	T1	T1-1	2	1	1	31	NA	1	1	53	130	1	1	58	136
2255	GER	GER-5	2	1	1	66	142	1	1	80	136	0	0	0	NA
2342	GER	GER-10	2	1	1	12	146	1	1	21	NA	0	0	0	NA
1467	J3	J3-4	2	1	1	23	146	1	1	44	133	1	1	30	133
2190	GER	GER-1	2	1	1	16	146	1	1	24	NA	0	0	0	NA
864	T1	T1-1	2	1	1	27	142	1	1	16	136	1	1	27	141
95	J3	J3-3	2	1	1	6	NA	1	1	17	130	1	1	20	133
795	J3	J3-4	2	1	1	23	142	1	1	56	130	0	0	0	NA
1065	J3	J3-1	2	1	1	220	139	0	0	0	NA	0	0	0	NA
2362	GER	GER-11	2	1	1	4	157	1	1	28	NA	0	0	0	NA
956	T1	T1-1	2	1	1	29	139	0	0	0	NA	0	0	0	NA
2291	GER	GER-7	2	1	1	58	139	1	1	9	136	0	0	0	NA
584	J3	J3-3	2	1	1	17	142	1	1	16	133	1	1	27	133
2185	GER	GER-1	2	0	0	0	NA	0	0	0	NA	0	0	0	NA
1048	J1	J1-9	2	1	1	15	146	1	1	90	133	1	1	64	133
2430	GER	GER-15	2	1	1	37	157	0	0	0	NA	0	0	0	NA
149	T1	T1-11	2	1	1	97	157	1	1	12	133	1	1	14	136
504	J3	J3-2	2	1	1	13	142	1	1	16	133	1	1	47	133
1223	J1	J1-4	2	1	1	5	142	1	0	0	NA	0	0	0	NA
2813	NC	NC-34	2	1	1	16	157	0	0	0	NA	0	0	0	NA
1011	T3	T3-3	2	1	1	26	157	1	1	26	140	1	1	21	145
1347	J1	J1-2	2	1	1	60	139	1	1	220	130	1	1	86	136
2269	GER	GER-6	2	1	1	48	142	1	1	71	NA	0	0	0	NA
914	T3	T3-4	2	1	1	53	157	1	1	30	NA	1	1	29	145
267	J1	J1-5	2	1	1	60	NA	1	1	219	133	1	1	140	136
755	J3	J3-1	2	1	1	35	132	1	1	52	130	1	1	76	133
1309	J1	J1-5	2	1	1	38	142	0	0	0	NA	0	0	0	NA
508	T3	T3-4	2	1	1	19	142	0	0	0	NA	0	0	0	NA
1154	J1	J1-1	2	1	1	38	139	1	1	111	133	1	1	47	133
1644	J3	J3-2	2	1	1	39	139	0	0	0	NA	0	0	0	NA
506	J3	J3-1	2	1	1	4	NA	0	0	0	NA	0	0	0	NA
2164	J1	J1-4	2	1	1	45	142	1	0	0	NA	0	0	0	NA
417	T3	T3-5	2	1	1	2	NA	1	1	2	NA	0	0	0	NA
1899	J3	J3-4	2	1	1	24	139	1	1	101	130	1	1	40	133
2292	GER	GER-7	2	1	1	37	157	1	1	48	140	0	0	0	NA
1859	J3	J3-4	2	1	1	10	146	1	1	6	133	1	1	26	133
516	T3	T3-4	2	1	1	7	146	1	0	0	NA	1	1	21	141
151	J1	J1-1	2	1	1	8	149	1	1	35	136	1	1	36	133
1050	T3	T3-4	2	1	1	16	157	1	1	24	NA	1	1	16	145
423	J3	J3-4	2	1	1	50	142	1	1	22	130	1	1	24	133
2395	GER	GER-13	2	1	1	9	157	0	0	0	NA	0	0	0	NA
854	J3	J3-6	2	1	0	0	NA	1	1	21	133	1	1	5	136
2186	GER	GER-1	2	1	1	34	157	1	1	13	NA	1	1	14	145
2390	GER	GER-12	2	1	1	39	149	1	1	31	NA	0	0	0	NA
459	T1	T1-3	2	1	1	26	157	1	1	28	133	1	1	12	136
1638	T1	T1-2	2	1	1	39	157	1	1	5	136	0	0	0	NA
1722	J3	J3-5	2	1	1	31	139	1	1	30	136	1	1	13	133
1239	J1	J1-2	2	1	1	56	157	1	1	19	140	1	1	50	141
375	T3	T3-1	2	1	1	113	146	0	0	0	NA	0	0	0	NA
2429	GER	GER-15	2	1	1	15	157	1	1	7	NA	0	0	0	NA
1188	T3	T3-5	2	1	1	42	157	1	1	22	NA	1	1	41	136
2917	NC	NC-33	2	1	1	22	142	0	0	0	NA	0	0	0	NA
236	J1	J1-2	2	1	1	10	NA	1	1	78	133	1	1	47	133
818	J3	J3-5	2	1	1	12	142	1	1	11	130	1	1	5	133
416	J1	J1-8	2	1	1	41	142	1	1	134	133	1	1	61	136
2222	GER	GER-3	2	1	1	26	142	1	1	40	140	0	0	0	NA
1247	J3	J3-1	2	1	1	107	132	1	1	32	130	1	1	18	133
489	J3	J3-4	2	1	1	19	146	1	1	40	130	1	1	24	136
2224	GER	GER-3	2	1	1	32	146	0	0	0	NA	0	0	0	NA
1187	T1	T1-1	2	1	1	63	142	1	1	49	130	1	1	68	133
1786	T3	T3-5	2	1	1	5	NA	1	0	0	NA	0	0	0	NA
1237	T1	T1-3	2	1	1	48	139	1	1	51	136	1	1	24	141
2413	GER	GER-14	2	1	1	38	157	1	1	60	136	0	0	0	NA
2182	GER	GER-1	2	1	1	67	146	1	1	30	140	0	0	0	NA
2438	GER	GER-15	2	1	1	38	142	0	0	0	NA	0	0	0	NA
1116	J3	J3-1	2	1	1	58	132	0	0	0	NA	0	0	0	NA
1962	J3	J3-5	2	1	1	39	139	1	1	25	130	1	1	31	133
926	J3	J3-2	2	1	1	56	132	1	1	5	133	0	0	0	NA