id,pond,fitness_20d_angling,fitness_7d_angling,Zrefuge_usage,Zvisits_feeding_spot_close,Zvisits_feeding_spot_distant,Ztl_mm,Zheadshape,Zbodyshape,Zgrowth
483,1,1,1,-0.26901,-1.4059,-0.37953,-1.02902,-0.38283,0.39729,0.54734
473,2,1,1,0.31667,-0.93989,-0.9058,0.05781,1.68529,0.77267,-0.25207
475,1,0,1,0.5639,-0.47388,0.92231,0.05781,-1.48364,0.89486,0.12272
487,2,0,0,0.29864,0.1566,0.09135,-0.4856,1.74161,1.04275,1.36482
466,2,1,1,1.14478,-2.11862,-1.98605,0.05781,0.118,0.69537,0.10029
474,2,1,1,0.85198,-2.11862,-2.12454,-1.02902,-0.21129,0.67076,1.11653
492,1,1,1,0.28307,1.55463,1.44858,0.05781,-0.08337,1.22589,0.92213
480,3,1,1,-0.76085,-1.43331,-1.23819,0.60122,0.03222,1.3615,-0.14365
490,2,0,0,-0.63497,0.95156,0.47913,0.05781,-0.24753,0.53604,2.20941
482,1,0,0,-1.05146,-0.91248,-0.29643,0.05781,2.26837,0.37517,0.52024
488,3,1,1,-0.27712,-1.04954,-0.40723,-0.4856,0.38675,0.71095,-0.41469
489,1,1,1,1.62222,-1.04954,-0.85041,0.05781,-0.67969,-0.05018,-0.27013
479,3,1,1,0.39047,-1.15919,-1.79216,-0.4856,-0.2601,0.92585,-0.93402
481,3,1,1,-0.95078,-1.02213,-1.15509,0.60122,0.49759,-0.03752,-0.17075
486,1,0,0,-0.01893,1.14344,0.78381,2.23146,1.16943,1.36241,0.16789
469,2,1,1,1.85004,-0.36423,-0.57342,0.60122,0.22567,1.5014,-0.36048
476,3,0,0,-0.84875,0.84191,0.47913,1.68805,0.754,1.55551,-1.67487
471,3,1,1,-0.63406,0.18401,0.11905,0.05781,0.38783,0.48179,0.38472
478,3,1,1,-1.45,-1.15919,-0.79501,0.05781,0.314,1.15932,0.68286
467,1,1,1,-0.73859,-2.63946,-2.23534,1.14464,1.05275,1.78472,1.15267
472,3,0,0,0.2689,0.1566,-0.57342,0.05781,0.95791,0.40067,-0.36048
491,2,1,1,-0.45313,-0.09011,-0.26874,-1.02902,0.88563,0.8006,-1.43093
451,1,0,0,-0.1096,1.25309,1.19929,1.68805,0.95474,-1.2516,-0.9387
449,3,1,1,0.49515,-0.19976,0.14674,-0.4856,2.2331,-0.94057,-1.56645
452,2,0,0,0.1051,0.01954,-0.13024,2.23146,0.21919,-0.95962,2.40817
457,1,1,1,0.08899,0.54037,0.47913,0.05781,0.51559,-1.18673,-0.7038
456,3,0,0,0.79974,-0.85766,-0.68422,2.23146,1.14943,-0.46675,0.64673
458,1,0,1,0.04642,0.40331,1.42088,-1.57243,1.37103,-0.68574,-1.98204
463,3,0,0,-0.73719,0.54037,0.17444,-1.02902,-0.62692,-0.56597,0.36665
465,3,0,0,-0.13213,0.04695,0.03595,0.05781,0.48873,-1.50072,0.41182
462,1,0,0,-1.18579,1.25309,0.92231,-0.4856,1.07963,-1.26585,-0.84835
468,3,1,1,-0.36602,0.54037,-0.07485,0.05781,2.01773,-1.08326,-0.5231
446,3,0,0,1.42007,-0.39165,-0.51802,0.05781,0.62262,-0.78537,0.59252
448,2,0,1,1.03118,-0.33682,-0.10254,-1.02902,1.23082,-1.13662,1.42806
444,3,1,1,-0.17251,0.5952,0.09135,0.05781,0.37325,-1.31321,-1.54838
445,2,0,0,-0.43213,-0.52871,-0.68422,-2.11584,1.42001,-0.806,0.64673
440,1,0,0,-0.61075,1.22568,1.31009,0.05781,1.1564,-1.09941,-0.00377
443,1,0,0,0.373,1.06121,1.0054,0.60122,2.1577,-1.02532,0.09561
438,1,0,0,1.0718,0.70485,0.47913,2.23146,-0.2232,-0.88716,-0.7038
441,3,0,1,-0.40495,0.89673,0.83921,-1.57243,-0.16368,-1.09835,1.12089
436,3,0,0,-1.65252,1.00638,1.83636,0.05781,0.10578,0.10739,-0.17543
439,3,0,0,-1.02883,0.3759,1.0054,-1.57243,-0.68287,2.19852,0.09561
435,1,0,1,4.34585,-2.20086,-2.78931,-2.11584,-0.05202,-0.97453,0.36229
437,1,1,1,-1.04026,-1.02213,0.83921,-2.11584,-1.32338,-1.12572,-1.79232
433,3,0,0,-0.70584,-0.52871,-0.21334,1.14464,-1.19436,-0.86189,0.49314
434,1,0,0,0.58011,-1.1866,-1.54287,0.05781,0.19462,-0.63462,0.9268
431,3,0,0,1.03999,-0.0627,-1.12739,-1.02902,1.27153,-1.10857,-0.17979
429,2,1,1,-0.4303,-0.44647,-1.12739,0.05781,-0.53549,-1.15648,-1.15086
430,2,0,0,-0.6513,0.01954,0.28524,0.05781,-0.4117,-0.87742,-1.61162
428,2,0,0,-0.21072,0.29366,0.78381,-0.4856,0.21079,-1.71406,1.13896
426,1,0,0,-0.18387,1.2805,1.31009,0.60122,-1.31482,-0.8754,-0.00377
424,3,0,0,-1.04134,0.34849,1.0331,0.05781,-0.30641,-0.93729,1.05765
422,3,1,1,-0.82177,0.51296,-0.21334,-0.4856,-0.21041,-1.29637,0.49314
425,2,1,1,-0.71039,0.29366,0.17444,0.60122,0.03222,-1.55522,1.33772
420,1,0,1,0.20873,1.14344,1.0331,1.68805,-0.0861,-1.63724,0.08658
423,2,0,0,-0.84989,0.67743,1.1439,1.14464,0.06133,-0.65388,-0.92063
417,1,0,1,-0.94385,1.14344,1.58707,0.60122,-0.22651,-0.60414,-0.09411
421,3,0,1,-0.11873,0.97897,0.56222,1.14464,-1.26073,-0.34526,2.1823
414,3,0,0,-0.45663,1.39015,0.64532,-1.02902,-1.03055,-0.87842,2.1552
396,1,1,1,-1.39645,2.377,2.36264,-1.57243,-0.55476,-0.17946,-0.34709
398,2,1,1,0.19738,0.04695,-0.32413,0.05781,-0.28681,-1.1651,2.47141
404,1,1,1,-1.52449,-0.282,-0.04715,0.60122,1.17147,-0.98097,-1.50321
402,3,1,1,-0.14403,0.04695,-0.10254,-1.57243,-0.94627,-1.27343,-0.51407
403,2,1,1,0.97313,-1.46073,-0.87811,-1.02902,-0.66587,1.2425,-0.2611
408,1,0,0,-1.10332,2.13029,2.03025,1.14464,-0.93852,-1.17784,-0.23867
405,2,0,0,-0.12343,1.03379,0.89461,1.68805,-0.70443,-0.30147,1.10282
407,2,1,1,0.97186,0.23884,-0.51802,0.60122,1.05129,0.41641,-0.37855
415,2,0,0,0.86478,-0.00787,-0.60112,0.05781,-0.16646,0.97526,0.61962
411,1,1,1,1.554,0.01954,-0.10254,-0.4856,-0.56112,0.77585,-0.51407
399,3,1,1,-0.68463,0.29366,0.06365,0.05781,-1.44357,1.18272,0.40279
397,1,1,1,0.63389,-0.41906,-0.10254,0.05781,-1.55717,0.37787,-0.51407
393,1,1,1,1.81219,-1.48814,-1.54287,0.60122,-1.24799,0.49198,-1.01534
391,2,1,1,0.05959,0.73226,0.83921,-0.4856,-0.96495,0.73449,0.14982
392,1,1,1,0.16203,1.11603,1.33779,0.05781,-1.21626,0.00129,-0.0128
388,3,1,1,0.04717,1.58204,1.0331,1.14464,-1.08427,0.75162,-0.88449
387,2,0,0,0.13782,0.48555,0.00825,0.05781,-1.53461,0.42917,0.42086
382,2,1,1,1.06554,-0.61094,-0.73961,-0.4856,-1.2655,0.73541,-0.30627
380,3,0,0,-1.40036,-0.0627,-0.24104,-0.4856,-0.31032,1.30318,-1.43996
379,3,1,1,-0.47404,-0.61094,0.00825,0.60122,-1.79094,0.31399,-0.55021
383,3,1,1,-1.27611,0.70485,1.25469,-1.02902,-1.07156,1.23077,0.0143
381,3,0,0,-1.25914,-0.00787,0.09135,-1.02902,-0.63429,0.58318,0.39375
377,2,1,1,-0.06809,-1.10437,-1.0166,0.60122,-0.81298,0.97996,-0.21593
378,1,1,1,2.07361,-1.48814,-1.48748,0.05781,1.38626,1.03501,-1.0334
373,3,0,1,-0.74468,0.3759,0.17444,-0.4856,-0.20222,0.06712,-0.60442
376,2,0,1,-0.46282,1.44498,1.25469,0.05781,-1.68278,0.41423,1.95644
372,1,1,1,1.90815,-1.73485,-1.48748,0.05781,-0.34576,1.51932,-1.0334
374,3,0,0,-0.92438,-0.44647,-0.51802,0.05781,-1.64014,1.28476,0.59252
370,1,0,0,2.14162,-0.41906,-0.71191,0.05781,-1.16621,0.26203,-1.28638
368,1,0,0,-0.15793,0.97897,0.56222,-0.4856,0.01777,1.09245,-0.7309
371,3,0,0,-0.09126,0.23884,0.42373,-0.4856,0.28036,1.20607,0.28534
366,2,1,1,1.44419,-0.19976,-0.65652,0.05781,0.46833,1.27157,0.63769
369,2,1,1,0.55042,-0.19976,-0.54572,-0.4856,0.40244,0.51238,-1.34058
364,2,1,1,-0.52091,-0.30941,0.00825,2.23146,-0.12711,-0.67722,-1.52128
367,2,0,1,-0.35318,-0.83024,-0.60112,-2.11584,1.79924,-1.0141,0.61962
